time,x,y,z,phi,theta,psi,x_velocity,y_velocity,z_velocity,phi_velocity,theta_velocity,psi_velocity,rotor_speed1,rotor_speed2,rotor_speed3,rotor_speed4
0.06,-1.7995705869199754e-05,6.5201245774005654e-06,10.005784974028481,0.0012833960339078132,0.003784867519108559,0.0,-0.001064085665979197,0.0003817168565637891,0.19281820199996705,-0.013667811517422367,-0.02254532928473186,0.0,465.8344622643138,464.06854342507694,466.4218085868164,465.35341815236575
0.12000000000000001,-0.00015275527037049742,5.285437132512591e-05,10.019364998660622,0.0006824606246906839,0.0029203214609969663,0.0,-0.003337525730040579,0.001110658296353039,0.25983623348823864,-0.02013435957318555,-0.015998079384935887,0.0,426.7329558739873,427.2913783713466,425.9793048422564,425.4261468311864
0.18,-0.00043903351767649837,0.0001468907125026947,10.041103198159758,0.0028684831659377963,0.007041143152301643,0.0,-0.006661562296136328,0.0023060088867669984,0.46470663547815516,-0.041551558396392387,0.00752287617075818,0.0,467.6929629551074,469.5211163709458,470.4126222745883,468.7513394981199
0.23999999999999996,-0.0010136486709363974,0.00035572926728834927,10.073866083983418,0.003913101919103212,0.010599569827200561,0.0,-0.012910508299947804,0.004795733058008927,0.6273099154294164,-0.06339077732334945,-0.013023555431412356,0.0,456.9367750578515,455.2961233081329,457.93510636839886,456.19341112992686
0.3,-0.0019689507668060146,0.0006989790889445587,10.11092319665892,0.0002475371466230669,0.0103435949715589,0.0,-0.01891923042628839,0.006341432734402698,0.6079388116475382,-0.06883225552554946,-0.02225433845709653,0.0,397.65140687255774,396.8050931695705,398.32557751238176,397.82403025415357
0.36000000000000004,-0.0033281118877247755,0.001069005829164206,10.151802872026485,6.279446930122136,0.009213809702311337,0.0,-0.026269129679470125,0.005564718770908118,0.7546318661428677,-0.07435975794898261,-0.02856298339023217,0.0,452.27874778074346,451.7703606616624,451.97538739662025,451.5260055544395
0.4200000000000001,-0.00510635561753701,0.0013252321956818654,10.20196421050992,6.280590779606909,0.007969373852212414,0.0,-0.03285906856358011,0.003134548615632727,0.9172977598702392,-0.10152358324080579,-0.022163001301798296,0.0,456.2965681883702,456.80700061843754,458.45559496653436,456.28693940319727
0.48000000000000015,-0.007256088742588943,0.0014294229945899797,10.261892730511168,6.274487913628338,0.007423826706809855,0.0,-0.038749161170180346,-0.00033869090289316605,1.0801768326566394,-0.10298394005822833,-0.03313798660980014,0.0,457.75638589899836,456.8821909196776,457.3215919000206,457.1965659355727
0.5400000000000001,-0.009738186591129547,0.00121492260624004,10.329923712484588,6.270924821851008,0.008241816410364144,0.0,-0.04405331602298924,-0.007157755386703404,1.1874129768413222,-0.12194288021791155,-0.015948096407044792,0.0,439.0991133831301,440.5224655020122,441.7528628698835,440.17622484321475
0.6000000000000002,-0.01257921722719406,0.0004822375746245386,10.406009363294693,6.26450380921661,0.010850671648617194,0.0,-0.050960326541447984,-0.017985902557995703,1.3485854349451916,-0.1127077044157994,-0.03786844586985515,0.0,458.3368753899086,456.591530475657,456.84215645437104,457.5655862050111
0.6600000000000003,-0.01585258087278981,-0.000990062110406408,10.489618658131795,6.261395829795131,0.009301383010098085,0.0,-0.05800574983106595,-0.03142052456482258,1.4382768874685286,-0.09293270313778958,-0.0484590196513507,0.0,436.89747615726736,436.01271100203843,433.6956857054672,435.3431344342991
0.7200000000000003,-0.019509860907537185,-0.0032711306847397295,10.577804690574734,6.2690494608191525,0.007695828316381714,0.0,-0.06376135724813857,-0.04383407273973316,1.501192731839164,-0.1339955545932496,-0.06221635994596896,0.0,427.3298994496886,426.15368476076037,429.1971986740768,425.68751066043023
0.7800000000000004,-0.023481333573579496,-0.006164056869065044,10.671009164108355,6.277793760314067,0.0039785164498225,0.0,-0.06823812567407708,-0.05174116484915383,1.6054947874984091,-0.09030173905347263,-0.06159429843473746,0.0,440.5993750291539,440.64799449579255,438.591780506926,442.1924341624126
0.8400000000000004,-0.02765170251166334,-0.009413608832104976,10.772724320260561,6.272789517314779,0.0002789233438109662,0.0,-0.07035305234173396,-0.057135027916952984,1.784745178685282,-0.09865108528564813,-0.0618104629205432,0.0,463.8585136980655,463.8389862857471,464.18178053786784,463.51921959410527
0.9000000000000005,-0.03186932803356251,-0.013074794249853609,10.882649186978805,6.267678222690517,6.2811547118750575,0.0,-0.06998901660105068,-0.0654286601573461,1.8792596060586675,-0.08993333362900208,-0.04999796689421098,0.0,437.12987105377755,438.1106697487539,438.6118191131467,439.3272487256087
0.9600000000000005,-0.03602341365755958,-0.01731026282603126,10.996526190209794,6.2623145798902655,6.278874137743637,0.0,-0.06827909082102586,-0.07624662838617607,1.9165691098392144,-0.09344134654377174,-0.06056615872625744,0.0,421.1750826452021,420.2580365243832,419.64246768466563,419.3303503340259
1.0200000000000005,-0.04002546102955829,-0.022352970451201923,11.115525204232828,6.2581736186762384,6.2781726322342895,0.0,-0.06507001199239495,-0.09226574399234656,2.049824770824292,-0.10795751912448137,-0.08056381286205236,0.0,452.23193019462326,450.61501696361364,451.01076031237284,449.82869899890073
1.0800000000000005,-0.043847425236947665,-0.028454671372177852,11.242547972435549,6.252282469181912,0.0009329404485072246,0.0,-0.06300672912968633,-0.1117380594278339,2.1840038949314557,-0.11763160004199102,-0.11775015135803571,0.0,453.2040627986217,450.1981247287148,452.14346142004655,451.35269184283396
1.1400000000000006,-0.047620462630068604,-0.0357990952570538,11.376131331139149,6.247812057308796,6.2770797754734815,0.0,-0.06205855445132506,-0.13349759493549973,2.2685949579364904,-0.13649422869968886,-0.11680004044785733,0.0,436.7836342688115,436.8502269448162,437.47573323946455,435.88806425758344
1.2000000000000006,-0.05121717455735456,-0.04445668374575704,11.512155033912736,6.239909269559643,6.270845125704696,0.0,-0.05730047499856808,-0.15577841061853567,2.2655023944526116,-0.13170629508093298,-0.1277087720195291,0.0,408.43983081461215,407.4512628337362,408.3560896168726,408.7644184161256
1.2600000000000007,-0.054343070906620716,-0.05481359136100841,11.653490628438167,6.236843295956945,6.264198547056099,0.0,-0.046158531647395695,-0.18975499175969804,2.445290010115543,-0.15702795921974055,-0.1400161960143525,0.0,466.53927151586646,465.56226484232144,468.1189334680716,466.1271472255142
1.3200000000000007,-0.05670451807657645,-0.06717090750894375,11.802806649895038,6.228065667411212,6.258239427802501,0.0,-0.031948177200395715,-0.2230132107500799,2.531663476409211,-0.16710192915252636,-0.12405712387413972,0.0,438.04252017802287,439.35061756145325,439.0769345674805,438.2155462486938
1.3800000000000008,-0.0580463836903936,-0.0818070284696059,11.95932260560126,6.222093552189472,6.253992092865225,0.0,-0.012302225831824765,-0.2655160737234467,2.68512915175623,-0.14621403706411815,-0.10563716728781208,0.0,459.3565471406246,460.802918317573,459.1823021802593,460.8129069591606
1.4400000000000008,-0.05822864746529891,-0.09888561835534708,12.121048648283281,6.213403378178306,6.2476871730939685,0.0,0.006796136484919789,-0.3045460779385857,2.7056147217721893,-0.1507858546722575,-0.10450571009797895,0.0,418.4801978960429,418.5682397477534,418.9943882790826,418.574783248328
1.5000000000000009,-0.057208031661189485,-0.11835403735124034,12.282473386643973,6.205686365579281,6.2420776580074495,0.0,0.02768351918662538,-0.3450530310464624,2.6752076258198842,-0.13929593742617866,-0.11469200654750014,0.0,402.2498530907043,401.3147215772959,400.89852339566136,401.9184276409514
1.560000000000001,-0.05464200639341521,-0.1407438869613118,12.446641965707219,6.198077760803157,6.23543971730971,0.0,0.05853102433006423,-0.40205905249089435,2.7966791007669944,-0.13093962576335041,-0.1214309389876585,0.0,450.82692581689673,450.270034207381,452.0169130575273,452.6729451827639
1.620000000000001,-0.05015439411922964,-0.16665135863033734,12.617328901764939,6.190210186926318,6.237325714212272,0.0,0.0908166145257871,-0.46230042854275094,2.892567661481942,-0.13182662653854402,-0.15582915580371023,0.0,444.83827812800456,441.99606611291847,445.1805302956711,445.09216382606013
1.680000000000001,-0.04369497039424146,-0.19639081518616,12.794355226007779,6.18282119586285,6.228006970341804,0.0,0.12545433353776758,-0.5297598713594096,3.007867645128615,-0.1250328034461292,-0.1593024586724476,0.0,450.21638110962664,449.9122544362374,451.8370259022173,452.36935592916984
1.740000000000001,-0.034975912807125094,-0.23027304200898255,12.9779765291989,6.18355082902222,6.218478140519466,0.0,0.1661432064012598,-0.5995728568428964,3.1124866261735935,-0.09478146734700715,-0.16273078731091173,0.0,448.21146591628343,447.908503678808,448.00816501655174,450.44948163732823
1.8000000000000012,-0.023664729172441723,-0.26828570259539913,13.16720905612513,6.17785701223529,6.210047474106924,0.0,0.21170714425313283,-0.668052756955964,3.194891847836589,-0.09676310241493297,-0.1766371877429684,0.0,442.5846304886123,441.41154645214283,442.9811353001698,442.81036017023337
1.8600000000000012,-0.009548104665025758,-0.3103940654533953,13.360210704753435,6.173284273226027,6.204900268417566,0.0,0.2592939079970833,-0.7359608579214143,3.238260020493121,-0.1101869732709822,-0.20344244134543513,0.0,431.9049813708113,429.6034446563421,431.1429143778726,429.997956415441
1.9200000000000013,0.007227440948251102,-0.35624073228882563,13.551957934885897,6.167563291596242,6.196301349383017,0.0,0.30056789059358635,-0.7927039881367064,3.153418450418244,-0.12179301240275454,-0.1838025271851912,0.0,385.2779249146949,387.08624341559204,388.5447650138,387.4413870941099
1.9800000000000013,0.02719315719720817,-0.40634063063051284,13.745040510113771,6.160330541407628,6.185576194382877,0.0,0.36605743071791025,-0.8780026601492267,3.2820557115234283,-0.1262220639083979,-0.19115215564820529,0.0,459.5217512790336,458.9062840554593,457.2874213945818,456.9211472937113
2.0400000000000014,0.05097489111535051,-0.46128471065529586,13.942369903134587,6.15335206802467,6.1752604234890285,0.0,0.42759341051507677,-0.9540810169349977,3.2953201164756694,-0.11888917949780183,-0.18052777863743966,0.0,421.6026340214861,422.48342201166565,422.59183747938454,423.2087301341816
2.1000000000000014,0.07891059940282509,-0.5212847665759681,14.143244535178034,6.146547619407368,6.173272010498531,0.0,0.5037227214272615,-1.0465705023165226,3.4000091324098918,-0.12648607254879976,-0.21432710250395642,0.0,453.9559596910943,451.2002421216789,452.93967443346855,452.31523287971413
2.1600000000000015,0.11086800044669093,-0.5862111581955853,14.344838736810065,6.1392697410426145,6.16096676132813,0.0,0.5624714128008612,-1.118216904566682,3.3197846386233922,-0.1214582293232478,-0.22377289389809446,0.0,391.9603774645966,391.02764333936216,391.6820324386202,392.1329449449201
2.2200000000000015,0.1473244423896691,-0.6564295236542292,14.547809296993018,6.138543096343945,6.149517147018766,0.0,0.6539214187063159,-1.2223726945397106,3.445274582250434,-0.15074366350338123,-0.2095259436105975,0.0,460.25921551373784,461.33988586543717,461.0596587670404,458.72471686792744
2.2800000000000016,0.18951266423882693,-0.7329408968420528,14.758235066512297,6.129901992238654,6.137452083870272,0.0,0.7535729491676642,-1.32883837467818,3.5681004624188395,-0.14488318908149161,-0.2028392237203492,0.0,459.4749314980593,459.96409791879023,462.00603354278553,462.4480453416851
2.3400000000000016,0.23752316751491642,-0.8155994786666931,14.97327364848353,6.122080768333753,6.128522846260333,0.0,0.8475863136930044,-1.4271390718599222,3.5993877356227397,-0.13578586293605416,-0.1842826077339336,0.0,432.79785426751033,434.31817326036327,432.9934914196773,433.73891513516446
2.4000000000000017,0.29158763240034946,-0.9045523846203628,15.191680506273904,6.114738383934107,6.119056895560348,0.0,0.9554272005225618,-1.5386258276563864,3.6801603456953043,-0.1270865281751762,-0.19935339616758513,0.0,451.79096482717193,450.5397913930266,449.56554998647493,450.25391548895107
2.4600000000000017,0.35255040239462904,-1.0005619967327273,15.41623961656286,6.110210043212346,6.1087294015468565,0.0,1.077678754250192,-1.6620494143518652,3.8042917403877947,-0.14760226890235792,-0.18650166814980676,0.0,465.4380980394344,466.40770006450146,466.0665191080074,464.4444695114838
2.520000000000002,0.42118934597368934,-1.104199023383112,15.64884096607796,6.103523183802277,6.098236525551638,0.0,1.2113144647826188,-1.7931286371807293,3.948040026958474,-0.13262435671150777,-0.17847740770291223,0.0,473.48080963561813,474.06735742857114,472.5750760548343,473.7106719759454
2.580000000000002,0.49723156943042546,-1.2150425704384407,15.885627473190574,6.097693887963908,6.089900388752962,0.0,1.3241295466783538,-1.9021250685653437,3.9444356606330575,-0.14985093236306352,-0.16276279905646437,0.0,427.09188367656117,428.4001353301035,429.8051141573694,428.3239231163417
2.640000000000002,0.5799715291901645,-1.3323305570219215,16.121096804489227,6.09220593375923,6.082803127278002,0.0,1.4344153608681465,-2.0079145235749998,3.9043007136280528,-0.17159009798980934,-0.18189890121508026,0.0,418.2163599170573,416.51653361365277,417.18634435133737,415.25830037195016
2.700000000000002,0.669408084995633,-1.4560283269898076,16.353900062179093,6.084007566193915,6.0731332886960026,0.0,1.5475545322418354,-2.1160118685044607,3.8554676307838918,-0.15688250848169788,-0.1953775460189048,0.0,414.818606009972,413.5965833089181,414.05617842047366,415.3195126778975
2.760000000000002,0.7666842547632815,-1.587181419073737,16.58780618501034,6.07516595245581,6.064738983884311,0.0,1.695707520541415,-2.2565318762368607,3.940436430182394,-0.14971676627057237,-0.17655772541405146,0.0,459.7237588377008,461.1793172862388,459.1593153073772,459.7058169099697
2.820000000000002,0.8738596403832568,-1.7276833247797,16.830381425644045,6.07527184784181,6.054146846619133,0.0,1.8778052010326571,-2.426671469392276,4.144027105409712,-0.11787059830143856,-0.17649321074230165,0.0,498.15172829705136,498.1300964815175,496.9756863661478,499.28895001774447
2.880000000000002,0.9910610988471362,-1.8774054945313328,17.080317298038082,6.068197454227402,6.043777385534712,0.0,2.0297499852701084,-2.564630988269331,4.186290694667177,-0.11798374660134599,-0.1829725360276823,0.0,450.8403190756588,450.28608030737905,451.8267283677602,451.8053733098763
2.940000000000002,1.1175585628969116,-2.035526934297618,17.332649014539992,6.061175376079891,6.033836782095545,0.0,2.1876274862591076,-2.706630900931033,4.223868185154307,-0.12206123140588652,-0.17294999157918142,0.0,451.9201153673561,452.6968332115348,451.1002508400098,450.7582234940643
3.000000000000002,1.2537644431282038,-2.2023175631987932,17.587355656185206,6.062316212608204,6.0236259145041835,0.0,2.3533727323915805,-2.8528472695063396,4.265619872990093,-0.15515540363801145,-0.1787748632159319,0.0,455.10857889262286,454.61336529931515,456.0996474853951,453.43247570354157
3.0600000000000023,1.3994007902249241,-2.3773357312832566,17.842002268819954,6.053504226146693,6.018888025694713,0.0,2.501482587573737,-2.9817971041352167,4.222124568168981,-0.1641745782365092,-0.15314180715302256,0.0,427.15033055545973,429.30211996381246,427.9833849630044,427.1900883834685
3.1200000000000023,1.5563578610466635,-2.5622071635228063,18.102402201859213,6.049577565323993,6.010637973858463,0.0,2.7309924776977175,-3.180765476204922,4.455947194539292,-0.1386866679263439,-0.1436630438046248,0.0,516.522835532523,517.1732639268906,515.3618357135778,517.141203016767
3.1800000000000024,1.7256402280908367,-2.757773514670237,18.37107765450947,6.043324665736527,6.003940964292404,0.0,2.9121594599247347,-3.338598355048734,4.498885107955114,-0.12408760965692166,-0.1296266758919012,0.0,461.93257742769873,463.0212220688141,461.2204281600194,462.35644938085954
3.2400000000000024,1.9064843302898147,-2.963393088998745,18.644184195537825,6.042017639533782,5.996186243808465,0.0,3.116443279710927,-3.515370915388639,4.60338714961138,-0.09812166386949617,-0.12878114904306592,0.0,483.8977333742337,483.94757434706895,482.6749368768941,484.62015898071263
3.3000000000000025,2.0977472038556537,-3.178060988911485,18.917000383161394,6.039124499621803,5.989812957640645,0.0,3.2593992382573327,-3.640535499238059,4.490395326359282,-0.11831551367927488,-0.14278327578376213,0.0,413.8164515831178,412.5638466096583,414.85459164878915,413.0666858033965
3.3600000000000025,2.2986866854754324,-3.401122801975237,19.1862394767138,6.032138184683962,5.982461306125483,0.0,3.4390083161786618,-3.7953876393406736,4.483343254686304,-0.12338356280237822,-0.1318481519328415,0.0,450.3354456115694,451.20161780490434,451.4983922767289,451.0764909894354
3.4200000000000026,2.5096102843926436,-3.632895347924723,19.45221608475644,6.026702587858692,5.980552279369604,0.0,3.591796121554617,-3.9308917266428485,4.3823883911885,-0.10917227173466193,-0.1599129111083781,0.0,421.3441094369581,418.8902669162167,419.7356614055891,420.9539340058807
3.4800000000000026,2.7301787663549892,-3.8732597614903344,19.713477026181195,6.023237909341258,5.971789178464087,0.0,3.7610334651755526,-4.08156133809471,4.32569539638349,-0.091092882769587,-0.15105198585306107,0.0,436.3594209827323,437.07486071517684,435.52915533505507,437.02951735346323
3.5400000000000027,2.9613146603770653,-4.122994928428806,19.972208788797925,6.01792793348997,5.971096336324742,0.0,3.943315458043096,-4.243425838307965,4.2981086059113105,-0.08780869651256501,-0.12053738921979924,0.0,446.5586347287676,449.02308819648755,447.6763194441411,447.93682285495134
3.6000000000000028,3.2034475071986983,-4.382576125159787,20.22944207348735,6.024192090355296,5.965745824720646,0.0,4.127996474655396,-4.408836459809892,4.275984030529975,-0.12622979434710616,-0.13681301215271,0.0,451.2560868313543,449.9258169069147,452.469468897561,449.35626916916704
3.660000000000003,3.4572083125021873,-4.6524049728687835,20.48671433052548,6.022937823192905,5.958661363727611,0.0,4.3309851790886045,-4.585501351263458,4.298765275920774,-0.15499486421802175,-0.14969128921355643,0.0,467.7792721964152,466.7576438282454,467.5207281643916,465.25744265280264
3.720000000000003,3.722743712523974,-4.932482004674477,20.74380109555066,6.023675992490553,5.949675641869243,0.0,4.520690978956542,-4.750349283906467,4.2700694417417875,-0.1909232652412788,-0.15185823179910685,0.0,451.17143690514143,450.97548820495405,454.2104190620379,451.2928895414914
3.780000000000003,4.000149371937331,-5.2227769176178525,21.000163980165073,6.017267936348237,5.947970127704107,0.0,4.725925517712558,-4.926710740100233,4.274385332103946,-0.16748463166998653,-0.12322363641266021,0.0,463.54318648165986,465.77053477493376,463.8429974834923,465.64962502465045
3.840000000000003,4.28970885557075,-5.523697319582213,21.25631345016726,6.00782878951275,5.947792035458534,0.0,4.925669952509418,-5.1047687016472505,4.262955372945023,-0.16004661784570698,-0.0949747463536642,0.0,460.2748387144366,462.4945708562932,461.61408291802184,462.1759518378783
3.900000000000003,4.590457571263028,-5.834893553354224,21.509587182979164,5.999010251088606,5.943574040834104,0.0,5.099324714600612,-5.269177439550574,4.17881429915607,-0.15147252011345755,-0.10955821914205477,0.0,439.5858362472943,438.3666193505421,438.6287543378718,439.31668995800777
3.960000000000003,4.901822879140825,-6.156220219733602,21.758175367277524,6.0015055209857024,5.938045838094233,0.0,5.2797112180312995,-5.441741167902809,4.107063199223202,-0.11537095195049848,-0.09949495742551002,0.0,443.9285038781579,444.743822702593,443.53887401080914,446.47667556665414
4.020000000000002,5.2243966941260656,-6.488174992052771,22.003306916903732,6.002619714271816,5.9321702464423005,0.0,5.472900791187903,-5.623484132194518,4.063326862598628,-0.08549405940163567,-0.09712708407203197,0.0,455.81279011645114,455.99393242300914,453.4798977470801,455.8646411858861
4.080000000000001,5.558952061961388,-6.831336864193106,22.2466339959459,5.997519828755518,5.927368953408031,0.0,5.678884883585955,-5.815689524189335,4.046484437419425,-0.08893340729701629,-0.1094902253317806,0.0,465.7737626778603,464.7972429973886,466.91378831588924,466.63951097276066
4.14,5.904906132407656,-7.185400935217426,22.486279491887213,5.992273907687352,5.922123153778916,0.0,5.853015114414499,-5.987002129476147,3.941126705431086,-0.08663377152854537,-0.12335095480953547,0.0,438.7152238039627,437.5506738230655,437.72086431189535,437.9056683889702
4.199999999999998,6.2622887879398625,-7.550556700348233,22.721923909283188,5.998259330803375,5.916627707871644,0.0,6.0597881483129745,-6.18461342191285,3.913106238458065,-0.05118105863010105,-0.13972134367732045,0.0,466.5805782464147,465.28604461211205,464.29014485689544,467.0599189234617
4.259999999999997,6.630820894132188,-7.926609181213103,22.952597140718705,5.995630496817206,5.910886192273368,0.0,6.2247865704957634,-6.350946755788655,3.775707332436604,-0.059762718048188807,-0.15876758574101332,0.0,430.8499949018525,429.21536493204525,428.4655600903464,427.73306154840145
4.319999999999996,7.010710003303346,-8.3137625699999,23.178410951016748,5.99257039957028,5.902409095936026,0.0,6.438383632368696,-6.554453176167947,3.7501370283764732,-0.0689955708890931,-0.17125217516692498,0.0,469.04656129877293,468.05189901270694,470.23650836445864,469.5179193144565
4.379999999999995,7.40306775312018,-8.71291185705179,23.40150271705646,5.9885509929609775,5.893919057616436,0.0,6.640418234460945,-6.7509355074767665,3.6851376788872616,-0.07418101294369125,-0.18713850558978215,0.0,458.81034426008296,457.517887009629,459.60067845200905,459.18573988311573
4.439999999999993,7.80638683200837,-9.123074965699296,23.617645915102006,5.985308190711642,5.882736620927876,0.0,6.804091947184391,-6.921665308505412,3.519096279183834,-0.08748142496909002,-0.18570388612395308,0.0,425.71748473831366,425.80476634441476,425.24579726943017,424.0992952070648
4.499999999999992,8.220900667417549,-9.544417088995523,23.826583417266725,6.001590262201274,5.871602410318836,0.0,7.0136248080014445,-7.1223848982292175,3.4453174284113612,-0.037837429252584695,-0.1853541007974457,0.0,458.45175393564404,458.44729679642654,457.8295625484854,461.7598609366061
4.559999999999991,8.646174302780185,-9.976477790025239,24.026819828974773,5.999348976632694,5.860910873492154,0.0,7.16270344495617,-7.280227419392319,3.229074355105718,-0.03682048943277169,-0.1792746781224465,0.0,406.98525580811577,407.49332439381436,408.0452456860893,408.13525266039534
4.6199999999999894,9.080868204930521,-10.418351497596635,24.214841286953465,6.002437069824765,5.850586073602393,0.0,7.327595798535873,-7.449274650074169,3.0382289915519722,-0.012779405975029856,-0.1877727908601033,0.0,417.58215898518665,416.8054283988714,417.27358592456653,419.3674274242228
4.679999999999988,9.526441521226849,-10.870975104815058,24.393217744115685,6.0021158840958435,5.8398327126580405,0.0,7.525233509101112,-7.638552366213913,2.9068885242422824,-0.02138953935262139,-0.18103655315812164,0.0,440.5817916993295,441.1048814049151,440.620953166606,439.9084293622879
4.739999999999987,9.985822226423362,-11.336122157019776,24.567330905978746,6.002535467939875,5.829029426804729,0.0,7.787608542410403,-7.866448483922273,2.8951950300725895,-0.00824402942561602,-0.17932026676189725,0.0,483.4812248678018,483.58196747302435,484.77680196005167,485.7639370457272
4.799999999999986,10.45881304088631,-11.813744434684493,24.736173295918448,6.003112554989693,5.818387278743391,0.0,7.979123543911147,-8.05474231677639,2.7323077618949094,0.001959841054933967,-0.17658560270786086,0.0,434.3567827852708,434.55463049642293,434.40675778085694,435.2619226587141
4.859999999999984,10.942983355283982,-12.30255030659364,24.894407544400213,6.003322385425241,5.8102261375310675,0.0,8.160129751710809,-8.23937135130348,2.541888060184129,0.004296654109640391,-0.1606542741040194,0.0,424.79505732420347,426.1299301190722,425.45283002213097,425.6528738721222
4.919999999999983,11.438143400515843,-12.802572860528437,25.04133402797077,6.018534240360385,5.800965794329635,0.0,8.345698388314286,-8.42809160412886,2.3562807317880026,-0.0392817237413842,-0.1550060920233795,0.0,427.04485023049097,427.50152128995416,429.0926123334578,425.3757110504456
4.979999999999982,11.945880342478931,-13.31463469081644,25.179741445288332,6.02029842793076,5.797608798823328,0.0,8.578508111252274,-8.641091458044496,2.256787920557303,-0.06275240011566621,-0.12947419477601607,0.0,457.4602532073719,459.47006701792964,458.9987139465977,457.13036715568177
5.0399999999999805,12.467195055448391,-13.839437686885436,25.311524538050605,6.017930315898418,5.796945340831709,0.0,8.798038322997058,-8.85314005690645,2.1355241647757754,-0.05094948816822597,-0.1598990885100327,0.0,452.56996315600225,450.09574455829295,451.535453394018,452.48457894322763
